Name		Income	Proceed	Year Ago
Anderson 	39564	38588	38588
Bedford 	35368	34453	34453
Benton 	31724	31254	31254
Bledsoe 	24314	24635	24635
Blount 	39956	38955	38955
Bradley 	37289	37034	37034
Campbell 	31642	31335	31335
Cannon 	34227	33603	33603
Carroll 	33023	33121	33121
Carter 	31531	31148	31148
Cheatham 	41409	39627	39627
Chester 	31301	30526	30526
Claiborne 32745	32319	32319
Clay 	28777	29352	29352
Cocke 	30520	29920	29920
Coffee 	36470	36486	36486
Crockett 	34324	34315	34315
Cumberland 35186	34470	34470
Davidson 	57717	54994	54994
Decatur 	39978	40211	40211
DeKalb 	38367	37732	37732
Dickson 	37936	36447	36447
Dyer 	37321	37460	37460
Fayette 	51651	49631	49631
Fentress 	30716	30394	30394
Franklin 	35999	35656	35656
Gibson 	34324	34757	34757
Giles 	35838	34900	34900
Grainger 	30796	30607	30607
Greene 	34002	35087	35087
Grundy 	30120	29414	29414
Hamblen 	35331	35014	35014
Hamilton 	48383	47647	47647
Hancock 	24995	25042	25042
Hardeman 	27078	26703	26703
Hardin 	34699	34213	34213
Hawkins 	31974	31740	31740
Haywood 	29440	28236	28236
Henderson 33158	32681	32681
Henry 	38384	38141	38141
Hickman 	30595	30084	30084
Houston 	29287	29967	29967
Humphreys 35724	36110	36110
Jackson 	28645	27958	27958
Jefferson 33558	32786	32786
Johnson 	29766	29357	29357
Knox 	46138	45271	45271
Lake 	20780	21851	21851
Lauderdale 28412	26466	26466
Lawrence 	32473	31694	31694
Lewis 	31760	30691	30691
Lincoln 	37655	37219	37219
Loudon 	44943	43707	43707
Macon 	30963	30701	30701
Madison 	39748	38837	38837
Marion 	36890	35314	35314
Marshall 	36032	34491	34491
Maury 	39308	37762	37762
McMinn 	33819	33309	33309
McNairy 	30507	29680	29680
Meigs 	31029	31066	31066
Monroe 	32168	31047	31047
Montgomery 39637	39371	39371
Moore 	37696	38210	38210
Morgan 	27983	27771	27771
Obion 	36394	36538	36538
Overton 	31265	30548	30548
Perry 	31251	30915	30915
Pickett 	36477	36523	36523
Polk 	30927	30783	30783
Putnam 	37592	37197	37197
Rhea 	32910	33052	33052
Roane 	38279	37332	37332
Robertson 38684	37840	37840
Rutherford 38999	38067	38067
Scott 	28042	27915	27915
Sequatchie 34266	33747	33747
Sevier 	37519	36545	36545
Shelby 	45904	45071	45071
Smith 	35170	34834	34834
Stewart 	39666	38737	38737
Sullivan 	39798	38998	38998
Sumner 	45075	43964	43964
Tipton 	36862	35596	35596
Trousdale 29178	34790	34790
Unicoi 	33479	33824	33824
Union 	30517	29513	29513
Van Buren 28547	29317	29317
Warren 	32956	32611	32611
Washington 39766	39536	39536
Wayne 	25757	26469	26469
Weakley 	33848	33403	33403
White 	31330	30971	30971
Williamson 92784	92247	92247
Wilson 	46029	44657	44657
